0 0 0 0 0 0 0 0 
0 0 1.414 3.606 4.123 4.472 0 0 
0 1.414 0 4.123 3.606 4.243 5.0 4.123 
0 3.606 4.123 0 2.828 2.236 2.0 0 
0 4.123 3.606 2.828 0 1.0 2.0 1.414 
0 4.472 4.243 2.236 1.0 0 1.0 2.236 
0 0 5.0 2.0 2.0 1.0 0 3.162 
0 0 4.123 0 1.414 2.236 3.162 0 
