0 0 0 0 0 0 0 0 0 
0 0 5.385 2.236 8.062 6.403 5.385 8.602 7.0 
0 5.385 0 4.0 2.828 3.162 4.243 5.0 7.071 
0 2.236 4.0 0 6.325 4.243 0 6.403 5.099 
0 8.062 2.828 6.325 0 0 5.099 0 7.616 
0 6.403 3.162 4.243 0 0 0 2.236 0 
0 5.385 4.243 0 5.099 0 0 3.606 0 
0 8.602 5.0 6.403 0 2.236 3.606 0 5.0 
0 7.0 7.071 5.099 7.616 0 0 5.0 0 
