0 0 0 0 0 0 0 0 0 0 0 
0 0 1.0 4.472 0 5.099 0 8.062 8.944 8.0 8.544 
0 1.0 0 4.123 3.162 4.123 5.0 0 0 0 0 
0 4.472 4.123 0 0 4.243 5.657 9.434 6.0 0 9.22 
0 0 3.162 0 0 1.0 2.236 5.831 5.0 4.123 5.657 
0 5.099 4.123 4.243 1.0 0 0 0 4.243 0 0 
0 0 5.0 5.657 2.236 0 0 4.123 4.472 2.0 0 
0 8.062 0 9.434 5.831 0 4.123 0 8.062 0 1.414 
0 8.944 0 6.0 5.0 4.243 4.472 8.062 0 0 7.0 
0 8.0 0 0 4.123 0 2.0 0 0 0 3.0 
0 8.544 0 9.22 5.657 0 0 1.414 7.0 3.0 0 
