0 0 0 0 0 0 0 0 0 0 
0 0 3.162 0 1.414 2.0 7.071 0 7.28 7.071 
0 3.162 0 3.0 4.0 3.162 8.944 9.434 6.083 6.325 
0 0 3.0 0 1.0 1.0 6.403 7.071 6.325 6.083 
0 1.414 4.0 1.0 0 1.414 5.657 6.403 6.708 6.325 
0 2.0 3.162 1.0 1.414 0 5.831 6.403 5.385 0 
0 7.071 8.944 6.403 5.657 5.831 0 0 0 6.325 
0 0 9.434 7.071 6.403 6.403 0 0 7.071 6.083 
0 7.28 6.083 6.325 6.708 5.385 0 7.071 0 1.0 
0 7.071 6.325 6.083 6.325 0 6.325 6.083 1.0 0 
