0 0 0 0 0 0 0 0 0 0 0 
0 0 4.123 3.606 4.123 4.123 5.657 5.385 0 6.325 10.296 
0 4.123 0 7.071 5.831 4.243 3.0 7.211 0 5.385 0 
0 3.606 7.071 0 0 0 7.28 3.162 3.606 6.403 0 
0 4.123 5.831 0 0 2.0 5.0 1.414 1.0 3.606 0 
0 4.123 4.243 0 2.0 0 3.0 3.162 2.236 2.236 0 
0 5.657 3.0 7.28 5.0 3.0 0 6.083 5.099 2.828 5.099 
0 5.385 7.211 3.162 1.414 3.162 6.083 0 1.0 4.123 8.062 
0 0 0 3.606 1.0 2.236 5.099 1.0 0 0 7.211 
0 6.325 5.385 6.403 3.606 2.236 2.828 4.123 0 0 0 
0 10.296 0 0 0 0 5.099 8.062 7.211 0 0 
