0 0 0 0 0 0 0 0 
0 0 4.123 3.606 2.0 3.606 0 4.472 
0 4.123 0 1.414 4.123 2.828 3.606 6.708 
0 3.606 1.414 0 3.0 1.414 2.236 5.385 
0 2.0 4.123 3.0 0 2.236 2.828 2.828 
0 3.606 2.828 1.414 2.236 0 0 4.123 
0 0 3.606 2.236 2.828 0 0 0 
0 4.472 6.708 5.385 2.828 4.123 0 0 
