0 0 0 0 0 0 0 0 0 0 
0 0 0 3.162 0 0 5.0 0 6.708 7.81 
0 0 0 1.414 5.0 0 5.385 5.385 7.81 6.708 
0 3.162 1.414 0 5.385 2.236 5.0 0 7.81 5.385 
0 0 5.0 5.385 0 0 0 6.325 3.162 7.616 
0 0 0 2.236 0 0 2.828 2.828 5.831 4.243 
0 5.0 5.385 5.0 0 2.828 0 4.0 0 5.099 
0 0 5.385 0 6.325 2.828 4.0 0 7.071 0 
0 6.708 7.81 7.81 3.162 5.831 0 7.071 0 8.0 
0 7.81 6.708 5.385 7.616 4.243 5.099 0 8.0 0 
