0 0 0 0 0 0 0 0 0 0 
0 0 5.099 0 4.243 0 0 5.099 6.325 0 
0 5.099 0 3.606 8.246 0 8.544 5.657 5.831 0 
0 0 3.606 0 5.0 0 5.099 2.236 3.0 5.831 
0 4.243 8.246 5.0 0 8.062 0 4.472 5.831 3.0 
0 0 0 0 8.062 0 0 4.123 0 0 
0 0 8.544 5.099 0 0 0 4.123 0 2.0 
0 5.099 5.657 2.236 4.472 4.123 4.123 0 1.414 4.123 
0 6.325 5.831 3.0 5.831 0 0 1.414 0 5.0 
0 0 0 5.831 3.0 0 2.0 4.123 5.0 0 
