0 0 0 0 0 0 0 0 0 
0 0 2.236 1.414 5.385 3.162 5.657 0 6.0 
0 2.236 0 3.0 7.071 3.606 6.708 4.472 5.385 
0 1.414 3.0 0 0 2.0 0 4.123 5.099 
0 5.385 7.071 0 0 4.123 2.236 5.831 6.403 
0 3.162 3.606 2.0 4.123 0 0 2.236 0 
0 5.657 6.708 0 2.236 0 0 4.123 4.472 
0 0 4.472 4.123 5.831 2.236 4.123 0 1.0 
0 6.0 5.385 5.099 6.403 0 4.472 1.0 0 
