0 0 0 0 0 0 0 0 0 0 
0 0 0 4.472 3.606 6.708 0 5.0 5.099 7.28 
0 0 0 2.236 3.162 2.0 2.828 4.243 0 7.211 
0 4.472 2.236 0 1.0 2.236 0 0 5.831 0 
0 3.606 3.162 1.0 0 3.162 1.414 2.0 0 0 
0 6.708 2.0 2.236 3.162 0 0 3.162 7.28 5.657 
0 0 2.828 0 1.414 0 0 1.414 5.385 0 
0 5.0 4.243 0 2.0 3.162 1.414 0 0 3.162 
0 5.099 0 5.831 0 7.28 5.385 0 0 0 
0 7.28 7.211 0 0 5.657 0 3.162 0 0 
