0 0 0 0 0 0 0 0 0 
0 0 4.123 1.414 5.385 2.0 4.243 5.831 0 
0 4.123 0 3.0 1.414 4.123 2.236 4.123 6.0 
0 1.414 3.0 0 4.123 1.414 2.828 4.472 6.708 
0 5.385 1.414 4.123 0 5.0 0 3.606 5.099 
0 2.0 4.123 1.414 5.0 0 0 0 6.403 
0 4.243 2.236 2.828 0 0 0 2.0 4.1232 
0 5.831 4.123 4.472 3.606 0 2.0 0 2.236 
0 0 6.0 6.708 5.099 6.403 4.1232 2.236 0 
