0 0 0 0 0 0 0 0 0 
0 0 1.0 1.0 2.0 3.162 5.0 6.325 6.083 
0 1.0 0 0 2.236 3.0 5.657 6.708 6.325 
0 1.0 0 0 1.0 2.236 4.243 5.385 5.099 
0 2.0 2.236 1.0 0 1.414 0 0 4.123 
0 3.162 3.0 2.236 1.414 0 4.123 4.243 3.606 
0 5.0 5.657 4.243 0 4.123 0 2.236 2.828 
0 6.325 6.708 5.385 0 4.243 2.236 0 1.0 
0 6.083 6.325 5.099 4.123 3.606 2.828 1.0 0 
