0 0 0 0 0 0 0 0 
0 0 2.0 1.0 5.385 4.0 5.0 6.403 
0 2.0 0 2.236 3.606 4.472 4.123 5.385 
0 1.0 2.236 0 5.099 3.0 4.243 5.657 
0 5.385 3.606 5.099 0 5.385 2.828 3.162 
0 4.0 4.472 3.0 5.385 0 0 4.123 
0 5.0 4.123 4.243 2.828 0 0 1.414 
0 6.403 5.385 5.657 3.162 4.123 1.414 0 
