0 0 0 0 0 0 0 0 0 0 0 
0 0 2.236 3.606 0 6.403 7.071 0 7.28 7.616 9.22 
0 2.236 0 1.414 2.828 0 5.0 5.831 6.0 0 0 
0 3.606 1.414 0 3.162 0 3.606 5.657 5.099 5.0 5.831 
0 0 2.828 3.162 0 4.472 5.385 3.162 4.472 0 0 
0 6.403 0 0 4.472 0 1.0 0 2.828 2.236 2.828 
0 7.071 5.0 3.606 5.385 1.0 0 0 3.606 0 2.236 
0 0 5.831 5.657 3.162 0 0 0 0 0 0 
0 7.28 6.0 5.099 4.472 2.828 3.606 0 0 1.0 4.0 
0 7.616 0 5.0 0 2.236 0 0 1.0 0 3.0 
0 9.22 0 5.831 0 2.828 2.236 0 4.0 3.0 0 
