0 0 0 0 0 0 0 0 0 0 
0 0 4.123 4.243 4.472 4.123 7.81 6.083 6.083 0 
0 4.123 0 2.236 3.606 0 4.472 5.831 7.071 7.0 
0 4.243 2.236 0 1.414 2.236 3.606 0 5.0 5.0995 
0 4.472 3.606 1.414 0 1.0 4.123 2.236 3.606 4.472 
0 4.123 0 2.236 1.0 0 5.099 2.0 2.828 5.0 
0 7.81 4.472 3.606 4.123 5.099 0 5.099 7.071 3.606 
0 6.083 5.831 0 2.236 2.0 5.099 0 2.0 3.606 
0 6.083 7.071 5.0 3.606 2.828 7.071 2.0 0 5.385 
0 0 7.0 5.0995 4.472 5.0 3.606 3.606 5.385 0 
