0 0 0 0 0 0 0 0 0 
0 0 1.414 3.606 4.472 0 5.831 6.083 9.899 
0 1.414 0 2.236 3.162 3.606 4.472 0 8.485 
0 3.606 2.236 0 2.236 2.0 3.0 4.472 6.403 
0 4.472 3.162 2.236 0 1.0 1.414 2.236 5.831 
0 0 3.606 2.0 1.0 0 1.0 2.828 0 
0 5.831 4.472 3.0 1.414 1.0 0 2.236 0 
0 6.083 0 4.472 2.236 2.828 2.236 0 6.083 
0 9.899 8.485 6.403 5.831 0 0 6.083 0 
