0 0 0 0 0 0 0 0 0 
0 0 1.0 3.0 6.083 6.325 3.162 4.472 0 
0 1.0 0 2.0 5.099 0 3.0 0 0 
0 3.0 2.0 0 3.162 3.606 3.606 4.123 7.616 
0 6.083 5.099 3.162 0 0 5.385 5.0 6.0 
0 6.325 0 3.606 0 0 5.099 4.472 0 
0 3.162 3.0 3.606 5.385 5.099 0 1.414 0 
0 4.472 0 4.123 5.0 4.472 1.414 0 5.0 
0 0 0 7.616 6.0 0 0 5.0 0 
