0 0 0 0 0 0 0 0 0 0 
0 0 2.0 6.083 2.828 2.0 4.472 6.0 7.211 7.28 
0 2.0 0 4.123 4.472 2.828 4.0 0 6.325 7.0 
0 6.083 4.123 0 0 6.083 5.0 0 0 7.211 
0 2.828 4.472 0 0 2.0 4.472 4.472 7.211 6.403 
0 2.0 2.828 6.083 2.0 0 2.828 4.0 0 5.385 
0 4.472 4.0 5.0 4.472 2.828 0 0 2.828 3.0 
0 6.0 0 0 4.472 4.0 0 0 4.0 2.236 
0 7.211 6.325 0 7.211 0 2.828 4.0 0 2.236 
0 7.28 7.0 7.211 6.403 5.385 3.0 2.236 2.236 0 
