0 0 0 0 0 0 0 0 
0 0 3.0 1.0 2.236 3.606 4.123 0 
0 3.0 0 3.162 2.828 5.831 5.657 0 
0 1.0 3.162 0 1.414 2.828 3.162 5.0 
0 2.236 2.828 1.414 0 3.162 2.828 0 
0 3.606 5.831 2.828 3.162 0 1.414 6.083 
0 4.123 5.657 3.162 2.828 1.414 0 5.06 
0 0 0 5.0 0 6.083 5.06 0 
