0 0 0 0 0 0 0 0 0 
0 0 1.414 5.0 3.0 0 4.123 4.0 6.708 
0 1.414 0 5.385 2.236 4.243 3.606 0 0 
0 5.0 5.385 0 0 2.236 0 4.123 0 
0 3.0 2.236 0 0 2.236 1.414 0 4.243 
0 0 4.243 2.236 2.236 0 1.0 0 2.236 
0 4.123 3.606 0 1.414 1.0 0 1.0 2.828 
0 4.0 0 4.123 0 0 1.0 0 3.6063 
0 6.708 0 0 4.243 2.236 2.828 3.6063 0 
