0 0 0 0 0 0 0 0 0 0 
0 0 7.071 2.236 3.0 7.071 7.211 0 9.899 0 
0 7.071 0 5.0 7.28 4.472 5.831 8.602 6.0 7.81 
0 2.236 5.0 0 2.828 5.0 0 5.385 7.81 0 
0 3.0 7.28 2.828 0 5.385 0 3.0 0 0 
0 7.071 4.472 5.0 5.385 0 1.414 5.099 2.828 3.606 
0 7.211 5.831 0 0 1.414 0 4.0 3.162 2.236 
0 0 8.602 5.385 3.0 5.099 4.0 0 7.071 0 
0 9.899 6.0 7.81 0 2.828 3.162 7.071 0 0 
0 0 7.81 0 0 3.606 2.236 0 0 0 
