0 0 0 0 0 0 0 0 0 
0 0 2.236 5.385 4.472 3.606 6.708 0 7.071 
0 2.236 0 3.162 2.236 1.414 4.472 3.606 5.0 
0 5.385 3.162 0 1.0 2.0 1.414 1.0 3.0 
0 4.472 2.236 1.0 0 1.0 2.236 1.414 3.162 
0 3.606 1.414 2.0 1.0 0 3.162 2.236 3.606 
0 6.708 4.472 1.414 2.236 3.162 0 1.0 2.236 
0 0 3.606 1.0 1.414 2.236 1.0 0 2.0 
0 7.071 5.0 3.0 3.162 3.606 2.236 2.0 0 
