0 0 0 0 0 0 0 0 
0 0 1.0 4.472 3.606 3.162 0 7.81 
0 1.0 0 0 3.162 2.236 6.708 7.0713 
0 4.472 0 0 1.0 3.162 2.828 4.123 
0 3.606 3.162 1.0 0 2.236 3.606 0 
0 3.162 2.236 3.162 2.236 0 5.099 0 
0 0 6.708 2.828 3.606 5.099 0 2.236 
0 7.81 7.0713 4.123 0 0 2.236 0 
