0 0 0 0 0 0 0 0 
0 0 3.606 2.828 3.606 3.162 4.123 5.099 
0 3.606 0 5.0 1.414 4.123 4.472 5.0 
0 2.828 5.0 0 4.123 1.414 2.236 3.162 
0 3.606 1.414 4.123 0 3.0 3.162 3.606 
0 3.162 4.123 1.414 3.0 0 1.0 2.0 
0 4.123 4.472 2.236 3.162 1.0 0 1.0 
0 5.099 5.0 3.162 3.606 2.0 1.0 0 
