0 0 0 0 0 0 0 0 0 0 
0 0 5.099 8.062 4.243 4.0 7.81 9.22 8.944 0 
0 5.099 0 3.0 0 5.831 5.0 0 0 7.28 
0 8.062 3.0 0 5.385 0 5.831 0 0 7.071 
0 4.243 0 5.385 0 3.162 3.606 5.0 5.099 6.403 
0 4.0 5.831 0 3.162 0 0 6.708 5.657 0 
0 7.81 5.0 5.831 3.606 0 0 1.414 2.236 0 
0 9.22 0 0 5.0 6.708 1.414 0 2.236 1.414 
0 8.944 0 0 5.099 5.657 2.236 2.236 0 3.0 
0 0 7.28 7.071 6.403 0 0 1.414 3.0 0 
