0 0 0 0 0 0 0 0 0 0 0 
0 0 1.0 8.0 1.0 0 8.062 8.944 7.81 8.944 9.22 
0 1.0 0 7.0 1.414 4.123 7.211 8.062 7.071 8.544 9.055 
0 8.0 7.0 0 0 3.162 4.123 4.0 0 8.944 10.817 
0 1.0 1.414 0 0 5.0 0 8.544 7.211 8.062 8.246 
0 0 4.123 3.162 5.0 0 0 4.243 4.123 7.071 8.544 
0 8.062 7.211 4.123 0 0 0 1.0 1.414 5.0 0 
0 8.944 8.062 4.0 8.544 4.243 1.0 0 2.236 5.657 7.81 
0 7.81 7.071 0 7.211 4.123 1.414 2.236 0 3.606 5.657 
0 8.944 8.544 8.944 8.062 7.071 5.0 5.657 3.606 0 2.236 
0 9.22 9.055 10.817 8.246 8.544 0 7.81 5.657 2.236 0 
