0 0 0 0 0 0 0 0 0 
0 0 4.123 2.236 2.236 3.606 6.403 7.28 0 
0 4.123 0 6.0 3.162 6.325 3.162 6.325 6.708 
0 2.236 6.0 0 3.162 2.0 7.616 0 6.708 
0 2.236 3.162 3.162 0 3.162 4.472 5.099 5.0 
0 3.606 6.325 2.0 3.162 0 7.071 0 5.0 
0 6.403 3.162 7.616 4.472 7.071 0 4.243 0 
0 7.28 6.325 0 5.099 0 4.243 0 0 
0 0 6.708 6.708 5.0 5.0 0 0 0 
