0 0 0 0 0 0 0 0 
0 0 0 4.472 3.606 3.606 4.123 6.083 
0 0 0 1.0 0 0 6.325 0 
0 4.472 1.0 0 1.0 0 5.385 5.0 
0 3.606 0 1.0 0 1.414 4.472 4.472 
0 3.606 0 0 1.414 0 3.162 3.162 
0 4.123 6.325 5.385 4.472 3.162 0 2.828 
0 6.083 0 5.0 4.472 3.162 2.828 0 
