0 0 0 0 0 0 0 0 
0 0 1.0 2.0 2.236 0 0 6.0 
0 1.0 0 1.0 3.162 2.236 5.385 6.083 
0 2.0 1.0 0 4.123 1.414 5.831 6.325 
0 2.236 3.162 4.123 0 5.0 4.123 5.385 
0 0 2.236 1.414 5.0 0 5.657 0 
0 0 5.385 5.831 4.123 5.657 0 0 
0 6.0 6.083 6.325 5.385 0 0 0 
