0 0 0 0 0 0 0 0 0 0 
0 0 5.0 8.0 0 8.246 0 7.071 7.211 9.22 
0 5.0 0 3.0 3.162 3.606 5.385 5.0 6.083 7.071 
0 8.0 3.0 0 6.083 2.0 7.071 0 7.211 7.28 
0 0 3.162 6.083 0 6.083 4.123 0 5.385 7.211 
0 8.246 3.606 2.0 6.083 0 5.831 0 5.657 5.385 
0 0 5.385 7.071 4.123 5.831 0 2.0 1.414 3.606 
0 7.071 5.0 0 0 0 2.0 0 1.414 2.236 
0 7.211 6.083 7.211 5.385 5.657 1.414 1.414 0 0 
0 9.22 7.071 7.28 7.211 5.385 3.606 2.236 0 0 
