0 0 0 0 0 0 0 0 0 0 
0 0 1.414 2.828 0 5.0 5.385 6.708 8.944 8.544 
0 1.414 0 3.162 0 4.123 4.123 5.385 8.602 0 
0 2.828 3.162 0 0 0 5.0 6.403 6.325 6.083 
0 0 0 0 0 3.606 5.385 0 5.099 5.0 
0 5.0 4.123 0 3.606 0 2.0 3.162 0 4.243 
0 5.385 4.123 5.0 5.385 2.0 0 1.414 0 0 
0 6.708 5.385 6.403 0 3.162 1.414 0 7.28 6.325 
0 8.944 8.602 6.325 5.099 0 0 7.28 0 1.0 
0 8.544 0 6.083 5.0 4.243 0 6.325 1.0 0 
