0 0 0 0 0 0 0 0 0 0 0 
0 0 5.099 2.236 3.162 3.606 2.236 5.831 5.831 0 6.03 
0 5.099 0 0 8.0 2.236 0 2.0 4.472 5.657 0 
0 2.236 0 0 1.0 5.099 1.414 7.28 0 0 5.385 
0 3.162 8.0 1.0 0 6.083 2.236 8.246 7.211 5.657 5.831 
0 3.606 2.236 5.099 6.083 0 4.0 2.236 3.0 3.606 5.0 
0 2.236 0 1.414 2.236 4.0 0 6.083 5.0 3.606 4.123 
0 5.831 2.0 7.28 8.246 2.236 6.083 0 2.828 0 5.831 
0 5.831 4.472 0 7.211 3.0 5.0 2.828 0 2.0 3.162 
0 0 5.657 0 5.657 3.606 3.606 0 2.0 0 1.414 
0 6.03 0 5.385 5.831 5.0 4.123 5.831 3.162 1.414 0 
