0 0 0 0 0 0 0 0 0 
0 0 2.236 1.414 0 3.162 4.123 5.099 5.0 
0 2.236 0 1.0 0 2.236 3.162 4.123 4.472 
0 1.414 1.0 0 0 2.0 3.0 4.0 4.123 
0 0 0 0 0 6.083 6.325 0 5.831 
0 3.162 2.236 2.0 6.083 0 1.0 2.0 2.236 
0 4.123 3.162 3.0 6.325 1.0 0 1.0 1.414 
0 5.099 4.123 4.0 0 2.0 1.0 0 1.0 
0 5.0 4.472 4.123 5.831 2.236 1.414 1.0 0 
