0 0 0 0 0 0 0 0 0 0 
0 0 0 2.236 3.0 3.162 4.123 0 9.22 7.0 
0 0 0 5.099 4.472 5.385 5.831 0 0 7.211 
0 2.236 5.099 0 1.414 0 2.0 0 8.602 5.099 
0 3.0 4.472 1.414 0 1.0 1.414 6.708 0 4.0 
0 3.162 5.385 0 1.0 0 1.0 0 8.062 0 
0 4.123 5.831 2.0 1.414 1.0 0 7.28 7.616 3.162 
0 0 0 0 6.708 0 7.28 0 1.0 0 
0 9.22 0 8.602 0 8.062 7.616 1.0 0 6.0 
0 7.0 7.211 5.099 4.0 0 3.162 0 6.0 0 
