0 0 0 0 0 0 0 0 0 
0 0 2.236 0 5.385 5.099 6.0 7.211 7.28 
0 2.236 0 5.385 0 4.123 5.385 7.81 7.211 
0 0 5.385 0 5.385 4.472 4.243 3.162 0 
0 5.385 0 5.385 0 1.0 2.236 6.083 4.472 
0 5.099 4.123 4.472 1.0 0 1.414 5.099 3.606 
0 6.0 5.385 4.243 2.236 1.414 0 4.0 0 
0 7.211 7.81 3.162 6.083 5.099 4.0 0 2.236 
0 7.28 7.211 0 4.472 3.606 0 2.236 0 
