0 0 0 0 0 0 0 0 0 0 0 
0 0 1.414 4.472 5.385 0 6.083 9.899 0 0 0 
0 1.414 0 3.162 0 0 5.0 8.485 7.616 0 8.0 
0 4.472 3.162 0 0 0 2.236 5.831 4.472 6.403 5.099 
0 5.385 0 0 0 3.0 1.414 5.385 0 5.831 4.123 
0 0 0 0 3.0 0 4.123 2.828 3.162 3.606 5.657 
0 6.083 5.0 2.236 1.414 4.123 0 6.083 3.606 6.325 3.0 
0 9.899 8.485 5.831 5.385 2.828 6.083 0 3.162 1.0 6.325 
0 0 7.616 4.472 0 3.162 3.606 3.162 0 3.0 3.162 
0 0 0 6.403 5.831 3.606 6.325 1.0 3.0 0 6.083 
0 0 8.0 5.099 4.123 5.657 3.0 6.325 3.162 6.083 0 
