0 0 0 0 0 0 0 0 0 0 
0 0 0 0 2.828 0 7.28 8.544 8.062 8.544 
0 0 0 2.236 2.0 4.123 8.062 9.434 8.062 0 
0 0 2.236 0 2.236 4.243 6.325 7.616 0 7.616 
0 2.828 2.0 2.236 0 2.236 6.403 7.81 6.083 6.083 
0 0 4.123 4.243 2.236 0 5.831 7.211 4.472 0 
0 7.28 8.062 6.325 6.403 5.831 0 0 3.162 5.099 
0 8.544 9.434 7.616 7.81 7.211 0 0 4.0 0 
0 8.062 8.062 0 6.083 4.472 3.162 4.0 0 2.0 
0 8.544 0 7.616 6.083 0 5.099 0 2.0 0 
