0 0 0 0 0 0 0 0 
0 0 4.123 6.325 3.606 6.403 4.0 6.0 
0 4.123 0 2.236 2.828 3.162 5.0 6.403 
0 6.325 2.236 0 4.123 2.236 6.325 7.211 
0 3.606 2.828 4.123 0 3.162 2.236 3.606 
0 6.403 3.162 2.236 3.162 0 5.0 5.385 
0 4.0 5.0 6.325 2.236 5.0 0 2.0 
0 6.0 6.403 7.211 3.606 5.385 2.0 0 
