0 0 0 0 0 0 0 0 0 0 0 
0 0 7.071 2.236 5.385 3.162 5.099 9.22 8.246 9.055 0 
0 7.071 0 9.0 2.236 8.246 8.944 6.083 0 10.0 10.63 
0 2.236 9.0 0 7.071 0 4.123 10.0 8.062 8.544 0 
0 5.385 2.236 7.071 0 6.083 6.708 5.099 6.708 8.062 8.602 
0 3.162 8.246 0 6.083 0 2.0 8.062 0 0 0 
0 5.099 8.944 4.123 6.708 2.0 0 7.28 4.243 4.472 4.123 
0 9.22 6.083 10.0 5.099 8.062 7.28 0 0 5.385 6.325 
0 8.246 0 8.062 6.708 0 4.243 0 0 1.414 0 
0 9.055 10.0 8.544 8.062 0 4.472 5.385 1.414 0 0 
0 0 10.63 0 8.602 0 4.123 6.325 0 0 0 
