0 0 0 0 0 0 0 0 
0 0 2.236 2.828 7.211 8.485 0 6.0 
0 2.236 0 1.0 0 6.403 5.385 5.385 
0 2.828 1.0 0 4.472 5.657 4.472 4.472 
0 7.211 0 4.472 0 2.0 0 6.325 
0 8.485 6.403 5.657 2.0 0 2.0 6.0 
0 0 5.385 4.472 0 2.0 0 4.0 
0 6.0 5.385 4.472 6.325 6.0 4.0 0 
