0 0 0 0 0 0 0 0 0 0 
0 0 3.162 2.236 0 0 0 4.472 8.485 9.899 
0 3.162 0 4.123 0 0 3.606 0 5.831 0 
0 2.236 4.123 0 0 0 7.071 3.606 8.062 9.434 
0 0 0 0 0 2.0 5.0 0 5.831 7.211 
0 0 0 0 2.0 0 3.0 1.414 4.243 5.657 
0 0 3.606 7.071 5.0 3.0 0 4.123 0 4.123 
0 4.472 0 3.606 0 1.414 4.123 0 0 5.831 
0 8.485 5.831 8.062 5.831 4.243 0 0 0 1.4141 
0 9.899 0 9.434 7.211 5.657 4.123 5.831 1.4141 0 
