0 0 0 0 0 0 0 0 0 
0 0 2.236 2.828 3.162 0 0 0 0 
0 2.236 0 1.0 2.236 0 3.0 5.0 5.0 
0 2.828 1.0 0 3.162 5.831 3.162 0 4.472 
0 3.162 2.236 3.162 0 2.828 0 3.162 5.831 
0 0 0 5.831 2.828 0 4.0 1.414 0 
0 0 3.0 3.162 0 4.0 0 0 3.162 
0 0 5.0 0 3.162 1.414 0 0 6.0 
0 0 5.0 4.472 5.831 0 3.162 6.0 0 
