0 0 0 0 0 0 0 0 
0 0 1.414 0 0 4.123 4.472 5.099 
0 1.414 0 1.0 2.828 3.606 3.162 0 
0 0 1.0 0 2.236 0 0 4.123 
0 0 2.828 2.236 0 4.123 1.414 2.828 
0 4.123 3.606 0 4.123 0 3.0 2.236 
0 4.472 3.162 0 1.414 3.0 0 1.414 
0 5.099 0 4.123 2.828 2.236 1.414 0 
