0 0 0 0 0 0 0 0 0 
0 0 2.828 4.123 4.472 5.385 0 0 8.602 
0 2.828 0 3.606 0 3.0 6.403 7.071 8.602 
0 4.123 3.606 0 1.0 3.162 2.828 3.606 5.0 
0 4.472 0 1.0 0 4.123 2.236 3.162 4.243 
0 5.385 3.0 3.162 4.123 0 5.099 5.385 7.28 
0 0 6.403 2.828 2.236 5.099 0 1.0 2.236 
0 0 7.071 3.606 3.162 5.385 1.0 0 2.0 
0 8.602 8.602 5.0 4.243 7.28 2.236 2.0 0 
