0 0 0 0 0 0 0 0 0 0 
0 0 1.414 3.606 0 0 3.0 5.657 7.071 7.211 
0 1.414 0 2.236 3.162 5.099 2.236 5.831 7.211 7.071 
0 3.606 2.236 0 5.0 7.0 3.162 0 8.544 8.062 
0 0 3.162 5.0 0 0 2.236 0 4.243 4.472 
0 0 5.099 7.0 0 0 4.123 2.0 3.162 4.0 
0 3.0 2.236 3.162 2.236 4.123 0 4.123 0 5.0 
0 5.657 5.831 0 0 2.0 4.123 0 1.414 2.0 
0 7.071 7.211 8.544 4.243 3.162 0 1.414 0 0 
0 7.211 7.071 8.062 4.472 4.0 5.0 2.0 0 0 
