0 0 0 0 0 0 0 0 0 0 
0 0 4.123 2.236 2.0 0 0 4.0 0 0 
0 4.123 0 6.0 4.123 6.083 4.472 5.0 4.123 0 
0 2.236 6.0 0 0 1.0 0 0 6.403 4.123 
0 2.0 4.123 0 0 0 0 2.0 4.243 4.243 
0 0 6.083 1.0 0 0 2.236 2.828 5.831 3.162 
0 0 4.472 0 0 2.236 0 1.0 3.606 3.606 
0 4.0 5.0 0 2.0 2.828 1.0 0 3.162 3.162 
0 0 4.123 6.403 4.243 5.831 3.606 3.162 0 6.0 
0 0 0 4.123 4.243 3.162 3.606 3.162 6.0 0 
