0 0 0 0 0 0 0 0 0 
0 0 0 2.236 0 6.325 0 4.472 7.81 
0 0 0 2.0 4.472 0 3.162 4.123 0 
0 2.236 2.0 0 4.0 5.0 1.414 2.236 5.831 
0 0 4.472 4.0 0 1.0 5.099 3.606 3.162 
0 6.325 0 5.0 1.0 0 6.083 4.472 0 
0 0 3.162 1.414 5.099 6.083 0 2.236 6.325 
0 4.472 4.123 2.236 3.606 4.472 2.236 0 4.123 
0 7.81 0 5.831 3.162 0 6.325 4.123 0 
