0 0 0 0 0 0 0 0 0 0 
0 0 5.099 0 6.403 0 6.708 0 0 0 
0 5.099 0 7.28 0 6.403 0 6.083 0 0 
0 0 7.28 0 7.071 2.828 3.162 7.211 0 0 
0 6.403 0 7.071 0 5.099 0 3.162 3.0 4.472 
0 0 6.403 2.828 5.099 0 3.162 4.472 0 4.243 
0 6.708 0 3.162 0 3.162 0 7.071 8.062 6.325 
0 0 6.083 7.211 3.162 4.472 7.071 0 1.0 0 
0 0 0 0 3.0 0 8.062 1.0 0 2.236 
0 0 0 0 4.472 4.243 6.325 0 2.236 0 
