0 0 0 0 0 0 0 0 0 
0 0 3.606 4.472 5.099 7.071 7.28 8.062 8.602 
0 3.606 0 5.385 0 3.606 7.071 5.099 0 
0 4.472 5.385 0 1.414 7.071 3.0 6.708 7.616 
0 5.099 0 1.414 0 6.0 2.236 5.385 6.325 
0 7.071 3.606 7.071 6.0 0 0 0 0 
0 7.28 7.071 3.0 2.236 0 0 6.0 7.0 
0 8.062 5.099 6.708 5.385 0 6.0 0 1.0 
0 8.602 0 7.616 6.325 0 7.0 1.0 0 
