0 0 0 0 0 0 0 0 0 0 0 
0 0 2.0 4.472 5.0 0 6.403 9.434 9.849 0 9.849 
0 2.0 0 2.828 0 7.211 7.81 10.63 10.817 9.487 0 
0 4.472 2.828 0 8.062 8.246 8.544 10.817 10.63 8.602 7.0 
0 5.0 0 8.062 0 1.0 2.0 5.099 6.0 6.708 10.0 
0 0 7.211 8.246 1.0 0 1.0 4.123 5.0 5.831 0 
0 6.403 7.81 8.544 2.0 1.0 0 3.162 4.0 5.0 8.944 
0 9.434 10.63 10.817 5.099 4.123 3.162 0 1.414 4.123 9.055 
0 9.849 10.817 10.63 6.0 5.0 4.0 1.414 0 3.0 8.0 
0 0 9.487 8.602 6.708 5.831 5.0 4.123 3.0 0 5.0 
0 9.849 0 7.0 10.0 0 8.944 9.055 8.0 5.0 0 
