0 0 0 0 0 0 0 0 0 0 
0 0 2.236 3.0 4.243 4.472 0 5.0 5.831 5.8312 
0 2.236 0 1.414 2.236 3.606 2.236 2.828 5.0 3.606 
0 3.0 1.414 0 3.0 2.236 0 0 3.606 3.606 
0 4.243 2.236 3.0 0 5.099 3.162 1.0 6.325 0 
0 4.472 3.606 2.236 5.099 0 2.0 0 1.414 5.099 
0 0 2.236 0 3.162 2.0 0 3.0 3.162 3.162 
0 5.0 2.828 0 1.0 0 3.0 0 6.083 1.0 
0 5.831 5.0 3.606 6.325 1.414 3.162 6.083 0 6.0 
0 5.8312 3.606 3.606 0 5.099 3.162 1.0 6.0 0 
