0 0 0 0 0 0 0 0 0 0 0 
0 0 6.0 7.0 1.0 0 4.472 4.472 5.099 0 8.246 
0 6.0 0 1.0 0 1.0 2.828 0 0 0 8.944 
0 7.0 1.0 0 7.071 0 3.606 0 9.434 6.0 9.434 
0 1.0 0 7.071 0 6.0 4.123 3.606 4.123 8.602 0 
0 0 1.0 0 6.0 0 2.236 0 8.062 5.099 8.062 
0 4.472 2.828 3.606 4.123 2.236 0 2.828 0 0 6.325 
0 4.472 0 0 3.606 0 2.828 0 3.162 5.385 4.0 
0 5.099 0 9.434 4.123 8.062 0 3.162 0 8.062 4.243 
0 0 0 6.0 8.602 5.099 0 5.385 8.062 0 5.385 
0 8.246 8.944 9.434 0 8.062 6.325 4.0 4.243 5.385 0 
