0 0 0 0 0 0 0 0 0 
0 0 3.0 0 2.828 0 3.162 4.0 5.099 
0 3.0 0 1.414 2.236 7.616 5.0 5.0 6.403 
0 0 1.414 0 1.0 0 3.606 3.606 5.0 
0 2.828 2.236 1.0 0 0 0 2.828 4.243 
0 0 7.616 0 0 0 3.0 4.123 3.606 
0 3.162 5.0 3.606 0 3.0 0 1.414 2.0 
0 4.0 5.0 3.606 2.828 4.123 1.414 0 1.414 
0 5.099 6.403 5.0 4.243 3.606 2.0 1.414 0 
