0 0 0 0 0 0 0 0 0 
0 0 0 1.414 4.243 4.0 6.083 7.28 0 
0 0 0 2.236 3.0 5.0 6.325 7.071 7.0 
0 1.414 2.236 0 2.828 3.162 5.0 6.083 6.325 
0 4.243 3.0 2.828 0 3.162 3.606 4.123 4.0 
0 4.0 5.0 3.162 3.162 0 2.236 3.606 4.243 
0 6.083 6.325 5.0 3.606 2.236 0 1.414 2.236 
0 7.28 7.071 6.083 4.123 3.606 1.414 0 1.0 
0 0 7.0 6.325 4.0 4.243 2.236 1.0 0 
